1,a) Sequential Search
23, 27, 30, 34, 41, 51, 55, 57, 60, 67, 72, 78, 83, 96
 X
is 23 equal 72, no

23, 27, 30, 34, 41, 51, 55, 57, 60, 67, 72, 78, 83, 96
     X
is 27 equal 72, no

23, 27, 30, 34, 41, 51, 55, 57, 60, 67, 72, 78, 83, 96
         X
is 30 equal 72, no

23, 27, 30, 34, 41, 51, 55, 57, 60, 67, 72, 78, 83, 96
             X
is 34 equal to 72, no

23, 27, 30, 34, 41, 51, 55, 57, 60, 67, 72, 78, 83, 96
                 X
is 41 equal 72, no

23, 27, 30, 34, 41, 51, 55, 57, 60, 67, 72, 78, 83, 96
                     X
is 51 equal to 72, no

23, 27, 30, 34, 41, 51, 55, 57, 60, 67, 72, 78, 83, 96
                         X
is 55 equal to 72, no

23, 27, 30, 34, 41, 51, 55, 57, 60, 67, 72, 78, 83, 96
                             X
is 57 equal to 72, no

23, 27, 30, 34, 41, 51, 55, 57, 60, 67, 72, 78, 83, 96
                                 X
is 60 equal to 72, no

23, 27, 30, 34, 41, 51, 55, 57, 60, 67, 72, 78, 83, 96
                                     X
is 67 equal to 72, no

23, 27, 30, 34, 41, 51, 55, 57, 60, 67, 72, 78, 83, 96
                                         X
is 72 equal to 72, yes then return the number of the slot that 72 is in.

b) Sequential Search